42 42
0 0 2.830000
0 1 2.330000
0 2 2.150000
0 3 1.805000
0 4 0.985000
0 5 0.550000
0 6 0.262500
0 7 0.262500
0 8 0.000000
0 9 0.000000
0 10 0.000000
0 11 -0.200000
0 12 -0.200000
0 13 0.000000
0 14 0.000000
0 15 0.000000
0 16 0.000000
0 17 0.000000
0 18 0.000000
0 19 0.000000
0 20 -0.225000
0 21 -0.225000
0 22 0.000000
0 23 0.000000
0 24 0.000000
0 25 0.866667
0 26 0.600000
0 27 1.000000
0 28 1.000000
0 29 1.116667
0 30 0.783333
0 31 0.783333
0 32 0.600000
0 33 0.233333
0 34 0.000000
0 35 0.000000
0 36 -0.150000
0 37 -0.300000
0 38 -0.300000
0 39 -0.300000
0 40 0.000000
0 41 0.000000
1 0 3.865000
1 1 2.330000
1 2 2.150000
1 3 1.650000
1 4 1.095000
1 5 0.775000
1 6 0.442500
1 7 0.262500
1 8 0.000000
1 9 0.000000
1 10 0.000000
1 11 -0.220000
1 12 -0.220000
1 13 0.000000
1 14 0.000000
1 15 0.000000
1 16 0.000000
1 17 0.000000
1 18 0.000000
1 19 0.000000
1 20 -0.225000
1 21 -0.225000
1 22 0.000000
1 23 0.000000
1 24 0.000000
1 25 0.600000
1 26 0.600000
1 27 0.800000
1 28 0.800000
1 29 0.600000
1 30 0.600000
1 31 0.600000
1 32 0.600000
1 33 0.416667
1 34 0.000000
1 35 0.000000
1 36 0.000000
1 37 -0.250000
1 38 -0.250000
1 39 -0.250000
1 40 0.000000
1 41 0.000000
2 0 3.665000
2 1 2.330000
2 2 2.330000
2 3 1.650000
2 4 1.350000
2 5 0.890000
2 6 0.550000
2 7 0.262500
2 8 0.000000
2 9 0.000000
2 10 0.000000
2 11 -0.220000
2 12 0.000000
2 13 0.000000
2 14 0.000000
2 15 0.000000
2 16 0.375000
2 17 0.000000
2 18 0.000000
2 19 0.000000
2 20 0.000000
2 21 -0.200000
2 22 0.000000
2 23 0.000000
2 24 0.000000
2 25 0.000000
2 26 0.800000
2 27 0.800000
2 28 0.633333
2 29 1.166667
2 30 0.733333
2 31 0.616667
2 32 0.616667
2 33 0.616667
2 34 0.283333
2 35 0.000000
2 36 0.000000
2 37 0.000000
2 38 -0.200000
2 39 0.000000
2 40 0.000000
2 41 0.000000
3 0 3.205000
3 1 2.330000
3 2 2.330000
3 3 1.650000
3 4 1.650000
3 5 1.200000
3 6 0.600000
3 7 0.137500
3 8 0.000000
3 9 0.000000
3 10 0.000000
3 11 -0.220000
3 12 0.000000
3 13 0.000000
3 14 0.000000
3 15 0.375000
3 16 0.375000
3 17 0.000000
3 18 0.000000
3 19 0.000000
3 20 0.000000
3 21 -0.200000
3 22 -0.200000
3 23 0.000000
3 24 0.000000
3 25 0.000000
3 26 0.000000
3 27 0.516667
3 28 0.516667
3 29 0.850000
3 30 0.850000
3 31 1.150000
3 32 0.816667
3 33 0.816667
3 34 0.666667
3 35 0.316667
3 36 0.000000
3 37 0.000000
3 38 0.000000
3 39 0.000000
3 40 0.000000
3 41 0.000000
4 0 3.095000
4 1 2.330000
4 2 2.115000
4 3 1.650000
4 4 1.470000
4 5 1.125000
4 6 0.610000
4 7 0.137500
4 8 0.000000
4 9 0.000000
4 10 0.000000
4 11 -0.220000
4 12 0.000000
4 13 0.000000
4 14 0.000000
4 15 0.525000
4 16 0.650000
4 17 0.375000
4 18 0.000000
4 19 0.000000
4 20 0.000000
4 21 0.000000
4 22 -0.200000
4 23 0.000000
4 24 0.000000
4 25 0.000000
4 26 0.000000
4 27 0.000000
4 28 0.516667
4 29 1.202778
4 30 0.850000
4 31 0.700000
4 32 0.950000
4 33 0.550000
4 34 0.666667
4 35 0.666667
4 36 0.400000
4 37 0.000000
4 38 0.000000
4 39 0.000000
4 40 0.000000
4 41 0.350000
5 0 2.655000
5 1 2.185000
5 2 2.305000
5 3 1.825000
5 4 1.470000
5 5 1.200000
5 6 0.610000
5 7 0.287500
5 8 0.000000
5 9 0.000000
5 10 0.000000
5 11 -0.220000
5 12 0.000000
5 13 0.000000
5 14 0.000000
5 15 0.400000
5 16 0.525000
5 17 0.525000
5 18 0.425000
5 19 0.000000
5 20 0.000000
5 21 0.000000
5 22 0.000000
5 23 -0.225000
5 24 0.000000
5 25 0.000000
5 26 0.000000
5 27 0.000000
5 28 0.000000
5 29 0.575000
5 30 0.575000
5 31 0.575000
5 32 0.766667
5 33 1.550000
5 34 1.550000
5 35 1.675000
5 36 0.775000
5 37 0.250000
5 38 0.250000
5 39 0.250000
5 40 0.250000
5 41 0.500000
6 0 2.250000
6 1 1.825000
6 2 1.825000
6 3 1.775000
6 4 1.660000
6 5 0.960000
6 6 0.650000
6 7 0.287500
6 8 0.000000
6 9 0.000000
6 10 0.000000
6 11 -0.220000
6 12 0.000000
6 13 0.000000
6 14 0.000000
6 15 0.400000
6 16 0.825000
6 17 0.825000
6 18 0.525000
6 19 0.000000
6 20 0.000000
6 21 0.000000
6 22 0.000000
6 23 -0.225000
6 24 0.000000
6 25 0.000000
6 26 0.000000
6 27 0.000000
6 28 0.000000
6 29 0.000000
6 30 0.000000
6 31 0.575000
6 32 0.950000
6 33 0.650000
6 34 1.083333
6 35 0.775000
6 36 0.775000
6 37 0.775000
6 38 0.500000
6 39 0.500000
6 40 0.500000
6 41 0.500000
7 0 1.825000
7 1 1.825000
7 2 1.825000
7 3 1.775000
7 4 1.660000
7 5 1.100000
7 6 0.700000
7 7 0.287500
7 8 0.000000
7 9 0.000000
7 10 0.000000
7 11 -0.220000
7 12 0.000000
7 13 0.000000
7 14 0.000000
7 15 0.400000
7 16 0.725000
7 17 1.225000
7 18 0.625000
7 19 0.625000
7 20 0.000000
7 21 0.000000
7 22 0.000000
7 23 0.000000
7 24 -0.150000
7 25 0.000000
7 26 0.000000
7 27 0.000000
7 28 0.000000
7 29 0.000000
7 30 0.000000
7 31 0.000000
7 32 0.516667
7 33 1.083333
7 34 0.816667
7 35 0.816667
7 36 0.816667
7 37 0.700000
7 38 0.983333
7 39 0.983333
7 40 0.725000
7 41 1.025000
8 0 1.825000
8 1 1.825000
8 2 1.625000
8 3 1.625000
8 4 1.100000
8 5 1.100000
8 6 0.975000
8 7 0.447500
8 8 0.000000
8 9 0.000000
8 10 0.000000
8 11 0.000000
8 12 -0.220000
8 13 0.000000
8 14 0.000000
8 15 0.000000
8 16 0.725000
8 17 0.725000
8 18 1.150000
8 19 0.625000
8 20 0.625000
8 21 0.000000
8 22 0.000000
8 23 0.000000
8 24 0.000000
8 25 0.000000
8 26 -0.200000
8 27 0.000000
8 28 0.000000
8 29 0.000000
8 30 0.000000
8 31 0.000000
8 32 0.000000
8 33 0.550000
8 34 1.100000
8 35 1.350000
8 36 0.733333
8 37 0.925000
8 38 0.925000
8 39 0.783333
8 40 1.025000
8 41 1.025000
9 0 1.475000
9 1 1.587500
9 2 1.587500
9 3 1.567500
9 4 0.800000
9 5 1.100000
9 6 0.975000
9 7 0.575000
9 8 0.212500
9 9 0.000000
9 10 0.000000
9 11 0.000000
9 12 -0.220000
9 13 0.000000
9 14 0.000000
9 15 0.000000
9 16 0.475000
9 17 0.625000
9 18 0.625000
9 19 0.775000
9 20 0.625000
9 21 0.275000
9 22 0.000000
9 23 0.000000
9 24 0.000000
9 25 0.000000
9 26 0.000000
9 27 -0.150000
9 28 0.000000
9 29 0.000000
9 30 0.000000
9 31 0.000000
9 32 0.000000
9 33 0.550000
9 34 1.400000
9 35 1.016667
9 36 1.133333
9 37 0.925000
9 38 0.925000
9 39 0.783333
9 40 1.025000
9 41 1.594444
10 0 1.475000
10 1 1.475000
10 2 1.175000
10 3 0.775000
10 4 0.575000
10 5 0.800000
10 6 0.800000
10 7 0.500000
10 8 0.212500
10 9 0.000000
10 10 0.000000
10 11 0.000000
10 12 -0.200000
10 13 0.000000
10 14 0.000000
10 15 0.000000
10 16 0.475000
10 17 0.400000
10 18 0.625000
10 19 0.500000
10 20 0.325000
10 21 0.075000
10 22 0.075000
10 23 0.000000
10 24 0.000000
10 25 0.000000
10 26 0.000000
10 27 0.000000
10 28 -0.125000
10 29 0.000000
10 30 0.000000
10 31 0.000000
10 32 0.000000
10 33 0.000000
10 34 0.616667
10 35 0.900000
10 36 0.900000
10 37 0.900000
10 38 0.900000
10 39 0.900000
10 40 1.575000
10 41 1.788889
11 0 1.475000
11 1 0.725000
11 2 1.000000
11 3 0.440000
11 4 0.440000
11 5 0.575000
11 6 0.575000
11 7 0.500000
11 8 0.325000
11 9 0.000000
11 10 0.000000
11 11 0.000000
11 12 -0.200000
11 13 0.000000
11 14 0.000000
11 15 0.000000
11 16 0.175000
11 17 0.000000
11 18 0.000000
11 19 0.175000
11 20 0.175000
11 21 0.300000
11 22 0.700000
11 23 0.850000
11 24 0.850000
11 25 0.000000
11 26 0.000000
11 27 0.000000
11 28 0.000000
11 29 -0.150000
11 30 0.000000
11 31 0.000000
11 32 0.000000
11 33 0.000000
11 34 0.000000
11 35 0.600000
11 36 0.600000
11 37 1.213889
11 38 0.883333
11 39 0.883333
11 40 1.450000
11 41 1.952778
12 0 0.725000
12 1 0.725000
12 2 0.000000
12 3 0.000000
12 4 0.300000
12 5 0.300000
12 6 0.212500
12 7 0.212500
12 8 0.170000
12 9 0.000000
12 10 0.000000
12 11 0.000000
12 12 -0.320000
12 13 0.000000
12 14 0.000000
12 15 0.000000
12 16 0.000000
12 17 0.000000
12 18 0.000000
12 19 0.000000
12 20 0.325000
12 21 0.560000
12 22 0.560000
12 23 0.740000
12 24 0.975000
12 25 0.000000
12 26 0.000000
12 27 0.000000
12 28 0.000000
12 29 0.000000
12 30 -0.225000
12 31 0.000000
12 32 0.000000
12 33 0.000000
12 34 0.000000
12 35 0.000000
12 36 0.600000
12 37 0.883333
12 38 0.883333
12 39 0.883333
12 40 1.450000
12 41 1.675000
13 0 0.725000
13 1 0.000000
13 2 0.000000
13 3 0.000000
13 4 0.000000
13 5 0.000000
13 6 0.000000
13 7 0.000000
13 8 0.000000
13 9 0.000000
13 10 0.000000
13 11 0.000000
13 12 -0.190000
13 13 0.000000
13 14 0.000000
13 15 0.000000
13 16 0.000000
13 17 0.000000
13 18 0.000000
13 19 0.271429
13 20 0.577778
13 21 0.980000
13 22 0.740000
13 23 0.740000
13 24 0.740000
13 25 0.775000
13 26 0.000000
13 27 0.000000
13 28 0.000000
13 29 0.000000
13 30 0.000000
13 31 -0.150000
13 32 0.000000
13 33 0.000000
13 34 0.000000
13 35 0.000000
13 36 0.000000
13 37 0.766667
13 38 0.883333
13 39 0.883333
13 40 1.200000
13 41 1.400000
14 0 0.000000
14 1 0.000000
14 2 0.000000
14 3 0.000000
14 4 0.000000
14 5 0.000000
14 6 0.000000
14 7 0.000000
14 8 0.000000
14 9 0.000000
14 10 0.000000
14 11 0.000000
14 12 -0.190000
14 13 0.000000
14 14 0.000000
14 15 0.000000
14 16 0.000000
14 17 0.000000
14 18 0.357143
14 19 0.577778
14 20 0.577778
14 21 0.980000
14 22 0.944444
14 23 0.540000
14 24 0.800000
14 25 0.800000
14 26 0.000000
14 27 0.000000
14 28 0.000000
14 29 0.000000
14 30 0.000000
14 31 0.000000
14 32 -0.225000
14 33 0.000000
14 34 0.000000
14 35 0.000000
14 36 0.000000
14 37 0.000000
14 38 0.716667
14 39 1.025000
14 40 1.025000
14 41 1.025000
15 0 0.000000
15 1 0.000000
15 2 0.000000
15 3 0.000000
15 4 0.000000
15 5 0.000000
15 6 0.000000
15 7 0.000000
15 8 0.000000
15 9 0.000000
15 10 0.000000
15 11 0.000000
15 12 -0.190000
15 13 0.000000
15 14 0.000000
15 15 0.000000
15 16 0.000000
15 17 0.257143
15 18 0.577778
15 19 0.577778
15 20 0.577778
15 21 0.944444
15 22 0.944444
15 23 0.944444
15 24 1.400000
15 25 0.680000
15 26 0.820000
15 27 0.000000
15 28 0.000000
15 29 0.000000
15 30 0.000000
15 31 0.000000
15 32 -0.225000
15 33 -0.225000
15 34 0.000000
15 35 0.000000
15 36 0.000000
15 37 0.000000
15 38 0.000000
15 39 0.000000
15 40 0.000000
15 41 0.783333
16 0 -0.300000
16 1 -0.300000
16 2 -0.300000
16 3 -0.300000
16 4 -0.300000
16 5 -0.300000
16 6 -0.300000
16 7 -0.300000
16 8 -0.300000
16 9 -0.300000
16 10 0.000000
16 11 0.000000
16 12 -0.160000
16 13 0.000000
16 14 0.000000
16 15 0.208571
16 16 0.360000
16 17 0.577778
16 18 0.577778
16 19 0.577778
16 20 1.280000
16 21 2.160000
16 22 3.020000
16 23 2.420000
16 24 2.420000
16 25 2.620000
16 26 1.300000
16 27 1.020000
16 28 0.000000
16 29 0.000000
16 30 0.000000
16 31 0.000000
16 32 0.000000
16 33 -0.225000
16 34 0.000000
16 35 0.000000
16 36 0.000000
16 37 0.000000
16 38 0.000000
16 39 0.000000
16 40 0.000000
16 41 0.000000
17 0 0.000000
17 1 0.000000
17 2 0.000000
17 3 0.000000
17 4 0.000000
17 5 0.000000
17 6 0.000000
17 7 0.000000
17 8 0.000000
17 9 -0.300000
17 10 -0.300000
17 11 -0.180000
17 12 -0.420000
17 13 0.000000
17 14 0.000000
17 15 0.000000
17 16 0.360000
17 17 0.380000
17 18 0.577778
17 19 0.666667
17 20 1.280000
17 21 2.440000
17 22 3.400000
17 23 3.720000
17 24 3.720000
17 25 3.120000
17 26 2.057143
17 27 1.400000
17 28 0.580000
17 29 0.000000
17 30 0.000000
17 31 0.000000
17 32 0.000000
17 33 0.000000
17 34 -0.325000
17 35 0.000000
17 36 0.000000
17 37 0.000000
17 38 0.000000
17 39 0.000000
17 40 0.000000
17 41 0.000000
18 0 0.000000
18 1 0.000000
18 2 0.000000
18 3 0.000000
18 4 0.000000
18 5 0.000000
18 6 0.000000
18 7 0.000000
18 8 0.000000
18 9 0.000000
18 10 0.000000
18 11 -0.180000
18 12 -0.180000
18 13 -0.180000
18 14 0.000000
18 15 0.000000
18 16 0.000000
18 17 0.220000
18 18 0.577778
18 19 0.666667
18 20 1.280000
18 21 2.200000
18 22 3.150000
18 23 5.125000
18 24 4.555000
18 25 4.055000
18 26 2.971429
18 27 1.200000
18 28 0.780000
18 29 0.780000
18 30 0.000000
18 31 0.000000
18 32 0.000000
18 33 0.000000
18 34 0.000000
18 35 -0.275000
18 36 0.000000
18 37 0.000000
18 38 0.000000
18 39 0.000000
18 40 0.000000
18 41 0.000000
19 0 0.900000
19 1 0.900000
19 2 0.000000
19 3 0.000000
19 4 0.000000
19 5 0.000000
19 6 0.000000
19 7 0.000000
19 8 0.000000
19 9 0.000000
19 10 0.000000
19 11 0.000000
19 12 0.000000
19 13 -0.330000
19 14 0.000000
19 15 0.000000
19 16 0.000000
19 17 0.220000
19 18 0.220000
19 19 0.560000
19 20 0.560000
19 21 1.760000
19 22 3.400000
19 23 3.795000
19 24 4.105000
19 25 3.640000
19 26 2.971429
19 27 2.050000
19 28 0.950000
19 29 0.950000
19 30 0.680000
19 31 0.000000
19 32 0.000000
19 33 0.000000
19 34 0.000000
19 35 0.000000
19 36 -0.275000
19 37 -0.150000
19 38 0.000000
19 39 0.000000
19 40 0.000000
19 41 0.000000
20 0 1.175000
20 1 1.000000
20 2 0.875000
20 3 0.875000
20 4 0.675000
20 5 0.950000
20 6 1.280000
20 7 1.280000
20 8 0.000000
20 9 0.000000
20 10 0.000000
20 11 0.000000
20 12 0.000000
20 13 -0.111111
20 14 0.000000
20 15 0.000000
20 16 0.000000
20 17 0.000000
20 18 0.000000
20 19 0.342857
20 20 0.560000
20 21 0.760000
20 22 1.280000
20 23 3.000000
20 24 3.415000
20 25 3.265000
20 26 2.820000
20 27 2.175000
20 28 1.300000
20 29 0.680000
20 30 0.680000
20 31 0.480000
20 32 0.000000
20 33 0.000000
20 34 0.000000
20 35 0.000000
20 36 0.000000
20 37 0.000000
20 38 -0.400000
20 39 -0.250000
20 40 0.000000
20 41 0.000000
21 0 1.750000
21 1 1.450000
21 2 1.300000
21 3 1.025000
21 4 1.025000
21 5 1.275000
21 6 0.825000
21 7 1.280000
21 8 1.000000
21 9 1.160000
21 10 0.000000
21 11 0.000000
21 12 0.000000
21 13 0.000000
21 14 -0.220000
21 15 0.000000
21 16 0.000000
21 17 0.000000
21 18 0.000000
21 19 0.200000
21 20 0.445714
21 21 0.760000
21 22 0.940000
21 23 2.000000
21 24 2.120000
21 25 2.440000
21 26 2.300000
21 27 1.750000
21 28 1.300000
21 29 0.680000
21 30 0.680000
21 31 0.680000
21 32 0.000000
21 33 0.000000
21 34 0.000000
21 35 0.000000
21 36 0.000000
21 37 0.000000
21 38 0.000000
21 39 0.000000
21 40 -0.375000
21 41 -0.375000
22 0 1.750000
22 1 1.450000
22 2 1.050000
22 3 0.900000
22 4 0.900000
22 5 0.900000
22 6 0.825000
22 7 1.000000
22 8 1.000000
22 9 1.400000
22 10 1.980000
22 11 0.575000
22 12 0.000000
22 13 0.000000
22 14 0.000000
22 15 -0.200000
22 16 0.000000
22 17 0.000000
22 18 0.000000
22 19 0.000000
22 20 0.228571
22 21 0.520000
22 22 0.622222
22 23 1.320000
22 24 1.520000
22 25 2.160000
22 26 1.760000
22 27 1.760000
22 28 1.100000
22 29 0.680000
22 30 0.860000
22 31 0.640000
22 32 0.640000
22 33 0.000000
22 34 0.000000
22 35 0.000000
22 36 0.000000
22 37 0.000000
22 38 0.000000
22 39 0.000000
22 40 0.000000
22 41 0.000000
23 0 1.516667
23 1 1.050000
23 2 0.675000
23 3 0.900000
23 4 0.900000
23 5 0.675000
23 6 0.825000
23 7 0.725000
23 8 0.725000
23 9 0.980000
23 10 1.380000
23 11 1.060000
23 12 0.400000
23 13 0.000000
23 14 0.000000
23 15 0.000000
23 16 -0.140000
23 17 0.000000
23 18 0.000000
23 19 0.000000
23 20 0.228571
23 21 0.520000
23 22 0.622222
23 23 0.800000
23 24 1.180000
23 25 1.360000
23 26 1.465000
23 27 0.880000
23 28 0.750000
23 29 1.100000
23 30 0.500000
23 31 0.640000
23 32 0.640000
23 33 0.860000
23 34 0.000000
23 35 0.000000
23 36 0.000000
23 37 0.000000
23 38 0.000000
23 39 0.000000
23 40 0.000000
23 41 0.000000
24 0 0.750000
24 1 0.900000
24 2 0.675000
24 3 0.900000
24 4 0.775000
24 5 0.525000
24 6 0.525000
24 7 0.875000
24 8 0.875000
24 9 0.980000
24 10 1.080000
24 11 1.300000
24 12 0.650000
24 13 0.000000
24 14 0.000000
24 15 0.000000
24 16 0.000000
24 17 -0.277778
24 18 0.000000
24 19 0.000000
24 20 0.000000
24 21 0.220000
24 22 0.220000
24 23 0.500000
24 24 0.500000
24 25 0.700000
24 26 0.700000
24 27 0.700000
24 28 0.750000
24 29 1.100000
24 30 0.825000
24 31 0.640000
24 32 0.820000
24 33 0.660000
24 34 0.920000
24 35 0.660000
24 36 0.000000
24 37 0.000000
24 38 0.000000
24 39 0.000000
24 40 0.000000
24 41 0.000000
25 0 0.575000
25 1 0.675000
25 2 0.675000
25 3 0.900000
25 4 0.775000
25 5 0.408333
25 6 0.408333
25 7 0.575000
25 8 0.575000
25 9 0.900000
25 10 1.080000
25 11 0.800000
25 12 0.800000
25 13 0.350000
25 14 0.000000
25 15 0.000000
25 16 0.000000
25 17 -0.277778
25 18 -0.277778
25 19 0.000000
25 20 0.000000
25 21 0.000000
25 22 0.000000
25 23 0.000000
25 24 0.000000
25 25 0.000000
25 26 0.000000
25 27 0.220000
25 28 0.480000
25 29 0.625000
25 30 0.625000
25 31 0.925000
25 32 0.820000
25 33 0.660000
25 34 1.140000
25 35 0.800000
25 36 0.640000
25 37 0.640000
25 38 0.000000
25 39 0.000000
25 40 0.000000
25 41 0.000000
26 0 0.575000
26 1 0.950000
26 2 0.950000
26 3 0.950000
26 4 0.600000
26 5 0.600000
26 6 0.408333
26 7 0.408333
26 8 0.575000
26 9 1.125000
26 10 0.925000
26 11 0.800000
26 12 0.800000
26 13 0.525000
26 14 0.000000
26 15 0.000000
26 16 0.000000
26 17 -0.200000
26 18 -0.200000
26 19 0.000000
26 20 0.000000
26 21 0.000000
26 22 0.000000
26 23 0.000000
26 24 0.000000
26 25 0.000000
26 26 0.000000
26 27 0.000000
26 28 0.000000
26 29 0.000000
26 30 0.340000
26 31 0.925000
26 32 0.925000
26 33 0.925000
26 34 0.680000
26 35 0.800000
26 36 0.800000
26 37 1.080000
26 38 0.720000
26 39 0.000000
26 40 0.000000
26 41 0.000000
27 0 0.600000
27 1 0.600000
27 2 0.750000
27 3 0.950000
27 4 0.825000
27 5 0.825000
27 6 0.575000
27 7 0.408333
27 8 0.575000
27 9 0.550000
27 10 0.800000
27 11 0.800000
27 12 1.220000
27 13 0.525000
27 14 0.450000
27 15 0.000000
27 16 0.000000
27 17 0.000000
27 18 -0.140000
27 19 -0.140000
27 20 -0.280000
27 21 0.000000
27 22 0.000000
27 23 0.000000
27 24 0.000000
27 25 0.000000
27 26 0.000000
27 27 0.000000
27 28 0.000000
27 29 0.000000
27 30 0.000000
27 31 0.325000
27 32 0.650000
27 33 0.650000
27 34 0.800000
27 35 0.800000
27 36 0.800000
27 37 0.800000
27 38 0.940000
27 39 0.940000
27 40 0.580000
27 41 0.000000
28 0 0.350000
28 1 0.350000
28 2 0.600000
28 3 0.950000
28 4 0.950000
28 5 0.950000
28 6 0.700000
28 7 0.575000
28 8 0.575000
28 9 0.550000
28 10 0.850000
28 11 0.600000
28 12 1.220000
28 13 0.580000
28 14 0.450000
28 15 0.225000
28 16 0.000000
28 17 0.000000
28 18 0.000000
28 19 -0.133333
28 20 -0.280000
28 21 -0.180000
28 22 0.000000
28 23 0.000000
28 24 0.000000
28 25 0.000000
28 26 0.000000
28 27 0.000000
28 28 0.000000
28 29 0.000000
28 30 0.000000
28 31 0.325000
28 32 0.775000
28 33 0.650000
28 34 0.650000
28 35 1.000000
28 36 0.520000
28 37 0.520000
28 38 0.700000
28 39 0.700000
28 40 0.800000
28 41 0.580000
29 0 0.000000
29 1 0.000000
29 2 0.325000
29 3 0.700000
29 4 0.700000
29 5 0.950000
29 6 0.700000
29 7 0.675000
29 8 0.575000
29 9 0.550000
29 10 1.050000
29 11 0.600000
29 12 0.780000
29 13 0.580000
29 14 0.000000
29 15 0.000000
29 16 0.000000
29 17 0.000000
29 18 0.000000
29 19 -0.133333
29 20 -0.328571
29 21 -0.180000
29 22 -0.180000
29 23 -0.260000
29 24 0.000000
29 25 -0.320000
29 26 0.000000
29 27 -0.380952
29 28 0.000000
29 29 0.000000
29 30 0.000000
29 31 0.000000
29 32 0.260000
29 33 0.745000
29 34 0.745000
29 35 0.880000
29 36 0.880000
29 37 0.520000
29 38 0.700000
29 39 0.900000
29 40 0.620000
29 41 0.620000
30 0 0.000000
30 1 0.000000
30 2 0.000000
30 3 0.325000
30 4 0.825000
30 5 0.700000
30 6 1.025000
30 7 0.675000
30 8 0.950000
30 9 0.550000
30 10 0.775000
30 11 0.600000
30 12 0.600000
30 13 0.600000
30 14 0.000000
30 15 0.000000
30 16 0.000000
30 17 -0.300000
30 18 -0.160000
30 19 -0.160000
30 20 -0.328571
30 21 -0.328571
30 22 -0.328571
30 23 -0.328571
30 24 -0.328571
30 25 -0.328571
30 26 -0.328571
30 27 0.000000
30 28 0.000000
30 29 0.000000
30 30 0.000000
30 31 0.000000
30 32 0.000000
30 33 0.745000
30 34 0.600000
30 35 0.880000
30 36 0.880000
30 37 0.880000
30 38 0.880000
30 39 0.640000
30 40 0.640000
30 41 0.640000
31 0 0.000000
31 1 0.000000
31 2 0.000000
31 3 0.000000
31 4 0.325000
31 5 0.825000
31 6 1.025000
31 7 0.675000
31 8 0.725000
31 9 0.550000
31 10 0.600000
31 11 0.600000
31 12 0.600000
31 13 0.250000
31 14 0.000000
31 15 0.000000
31 16 0.000000
31 17 0.000000
31 18 -0.160000
31 19 -0.314286
31 20 -0.442857
31 21 -0.442857
31 22 -0.566667
31 23 -0.566667
31 24 -0.566667
31 25 -0.400000
31 26 -0.400000
31 27 -0.180000
31 28 -0.240000
31 29 0.000000
31 30 0.000000
31 31 0.000000
31 32 0.000000
31 33 0.000000
31 34 0.775000
31 35 0.775000
31 36 0.880000
31 37 0.880000
31 38 0.880000
31 39 0.640000
31 40 0.640000
31 41 0.880000
32 0 -0.150000
32 1 0.000000
32 2 0.000000
32 3 0.000000
32 4 0.000000
32 5 0.825000
32 6 0.675000
32 7 0.675000
32 8 0.725000
32 9 0.750000
32 10 1.025000
32 11 0.600000
32 12 0.325000
32 13 0.000000
32 14 0.000000
32 15 0.000000
32 16 0.000000
32 17 -0.200000
32 18 -0.200000
32 19 -0.442857
32 20 -0.442857
32 21 -0.514286
32 22 -0.514286
32 23 -0.514286
32 24 -0.514286
32 25 -0.557143
32 26 -0.557143
32 27 -0.371429
32 28 -0.180000
32 29 -0.433333
32 30 0.000000
32 31 0.000000
32 32 0.000000
32 33 0.000000
32 34 0.775000
32 35 0.775000
32 36 0.620000
32 37 0.620000
32 38 0.620000
32 39 0.620000
32 40 0.620000
32 41 0.880000
33 0 -0.275000
33 1 -0.125000
33 2 0.000000
33 3 0.000000
33 4 0.250000
33 5 0.775000
33 6 0.775000
33 7 0.675000
33 8 0.725000
33 9 0.750000
33 10 1.025000
33 11 0.600000
33 12 0.325000
33 13 0.000000
33 14 0.000000
33 15 0.000000
33 16 0.000000
33 17 -0.200000
33 18 -0.314286
33 19 -0.514286
33 20 -0.514286
33 21 -0.500000
33 22 -0.711429
33 23 -0.571429
33 24 -0.785714
33 25 -0.785714
33 26 -0.785714
33 27 -0.371429
33 28 -0.371429
33 29 -0.180000
33 30 0.000000
33 31 0.000000
33 32 0.000000
33 33 0.000000
33 34 0.000000
33 35 0.800000
33 36 0.920000
33 37 0.920000
33 38 0.600000
33 39 0.600000
33 40 0.600000
33 41 0.880000
34 0 -0.150000
34 1 0.000000
34 2 0.000000
34 3 0.000000
34 4 0.375000
34 5 1.025000
34 6 1.025000
34 7 0.650000
34 8 0.975000
34 9 0.975000
34 10 0.775000
34 11 0.775000
34 12 0.325000
34 13 0.000000
34 14 0.000000
34 15 0.000000
34 16 -0.133333
34 17 -0.133333
34 18 -0.180000
34 19 -0.180000
34 20 -0.514286
34 21 -0.500000
34 22 -0.571429
34 23 -0.571429
34 24 -0.571429
34 25 -0.571429
34 26 -0.571429
34 27 -0.200000
34 28 -0.200000
34 29 0.000000
34 30 0.000000
34 31 0.000000
34 32 0.000000
34 33 0.000000
34 34 0.000000
34 35 0.925000
34 36 0.600000
34 37 0.720000
34 38 0.860000
34 39 0.860000
34 40 0.860000
34 41 0.860000
35 0 0.000000
35 1 0.000000
35 2 0.000000
35 3 0.000000
35 4 0.375000
35 5 0.800000
35 6 0.800000
35 7 0.800000
35 8 0.975000
35 9 0.975000
35 10 0.925000
35 11 0.650000
35 12 0.325000
35 13 0.000000
35 14 0.000000
35 15 0.000000
35 16 0.000000
35 17 0.000000
35 18 -0.180000
35 19 -0.160000
35 20 -0.160000
35 21 -0.500000
35 22 -0.220000
35 23 -0.571429
35 24 -0.571429
35 25 -0.571429
35 26 -0.200000
35 27 -0.200000
35 28 0.000000
35 29 -0.333333
35 30 0.000000
35 31 0.000000
35 32 0.000000
35 33 0.000000
35 34 0.000000
35 35 0.760000
35 36 0.975000
35 37 0.720000
35 38 0.860000
35 39 0.720000
35 40 0.540000
35 41 0.860000
36 0 0.000000
36 1 0.000000
36 2 0.000000
36 3 0.200000
36 4 0.575000
36 5 0.800000
36 6 0.800000
36 7 0.975000
36 8 1.300000
36 9 0.975000
36 10 0.650000
36 11 0.650000
36 12 0.175000
36 13 0.000000
36 14 0.000000
36 15 0.000000
36 16 0.000000
36 17 0.000000
36 18 0.000000
36 19 0.000000
36 20 -0.260000
36 21 -0.500000
36 22 -0.220000
36 23 -0.180000
36 24 -0.180000
36 25 -0.350000
36 26 -0.200000
36 27 0.000000
36 28 0.000000
36 29 0.000000
36 30 0.000000
36 31 0.000000
36 32 0.000000
36 33 0.000000
36 34 0.300000
36 35 0.900000
36 36 0.900000
36 37 0.900000
36 38 0.240000
36 39 0.820000
36 40 0.540000
36 41 0.540000
37 0 0.000000
37 1 0.000000
37 2 0.325000
37 3 0.575000
37 4 0.575000
37 5 0.575000
37 6 0.800000
37 7 0.800000
37 8 0.975000
37 9 0.975000
37 10 0.850000
37 11 0.650000
37 12 0.425000
37 13 0.000000
37 14 0.000000
37 15 0.000000
37 16 0.000000
37 17 0.000000
37 18 0.000000
37 19 0.000000
37 20 0.000000
37 21 0.000000
37 22 0.000000
37 23 0.000000
37 24 0.000000
37 25 -0.200000
37 26 -0.280000
37 27 0.000000
37 28 0.000000
37 29 0.000000
37 30 0.000000
37 31 0.000000
37 32 0.000000
37 33 0.000000
37 34 0.300000
37 35 0.575000
37 36 0.800000
37 37 0.480000
37 38 0.240000
37 39 0.360000
37 40 0.360000
37 41 0.740000
38 0 0.300000
38 1 0.525000
38 2 0.775000
38 3 0.575000
38 4 0.700000
38 5 0.575000
38 6 0.575000
38 7 0.725000
38 8 0.975000
38 9 1.350000
38 10 0.650000
38 11 0.650000
38 12 0.650000
38 13 0.275000
38 14 0.275000
38 15 0.000000
38 16 0.000000
38 17 0.000000
38 18 0.000000
38 19 0.000000
38 20 0.000000
38 21 0.000000
38 22 0.000000
38 23 0.000000
38 24 0.000000
38 25 0.000000
38 26 0.000000
38 27 -0.260000
38 28 0.000000
38 29 0.000000
38 30 0.000000
38 31 0.000000
38 32 0.000000
38 33 0.280000
38 34 0.166667
38 35 0.575000
38 36 1.025000
38 37 0.480000
38 38 0.340000
38 39 0.340000
38 40 0.340000
38 41 0.400000
39 0 0.525000
39 1 0.525000
39 2 0.575000
39 3 0.575000
39 4 0.800000
39 5 0.500000
39 6 1.025000
39 7 0.725000
39 8 0.975000
39 9 1.100000
39 10 0.975000
39 11 0.975000
39 12 0.750000
39 13 0.400000
39 14 0.275000
39 15 0.000000
39 16 0.000000
39 17 0.000000
39 18 0.000000
39 19 0.000000
39 20 0.000000
39 21 0.000000
39 22 0.000000
39 23 0.000000
39 24 0.000000
39 25 0.000000
39 26 0.000000
39 27 -0.260000
39 28 0.000000
39 29 0.000000
39 30 0.000000
39 31 0.000000
39 32 0.000000
39 33 0.280000
39 34 0.420000
39 35 0.420000
39 36 0.625000
39 37 0.340000
39 38 0.340000
39 39 0.160000
39 40 0.160000
39 41 0.160000
40 0 0.525000
40 1 0.525000
40 2 0.525000
40 3 0.775000
40 4 0.500000
40 5 0.500000
40 6 0.500000
40 7 0.725000
40 8 0.725000
40 9 1.100000
40 10 0.975000
40 11 0.575000
40 12 0.575000
40 13 0.575000
40 14 0.275000
40 15 0.275000
40 16 0.000000
40 17 0.225000
40 18 0.225000
40 19 0.350000
40 20 0.350000
40 21 0.000000
40 22 0.000000
40 23 0.000000
40 24 0.000000
40 25 0.000000
40 26 0.000000
40 27 0.000000
40 28 -0.300000
40 29 0.000000
40 30 0.000000
40 31 0.000000
40 32 0.000000
40 33 0.183333
40 34 0.183333
40 35 0.420000
40 36 0.625000
40 37 0.466667
40 38 0.280000
40 39 0.160000
40 40 0.000000
40 41 0.000000
41 0 0.875000
41 1 0.525000
41 2 0.625000
41 3 0.625000
41 4 0.500000
41 5 0.500000
41 6 0.600000
41 7 0.725000
41 8 0.725000
41 9 0.975000
41 10 0.675000
41 11 0.675000
41 12 0.575000
41 13 0.575000
41 14 0.400000
41 15 0.400000
41 16 0.275000
41 17 0.400000
41 18 0.400000
41 19 0.350000
41 20 0.350000
41 21 0.200000
41 22 0.000000
41 23 0.000000
41 24 0.000000
41 25 0.000000
41 26 0.000000
41 27 0.000000
41 28 0.000000
41 29 0.000000
41 30 0.000000
41 31 0.000000
41 32 0.000000
41 33 0.000000
41 34 0.183333
41 35 0.240000
41 36 0.450000
41 37 0.466667
41 38 0.000000
41 39 0.160000
41 40 0.000000
41 41 0.000000
